# Created by Octave 3.4.0, Tue Apr 30 15:58:25 2013 CDT <nmccrea@Nicholas-McCreas-MacBook-Pro.local>
# name: v
# type: matrix
# rows: 10
# columns: 1
 3635
 8700
 2702
 9845
 6823
 6710
 3040
 9345
 9345
 5983


